depth:3
num_attention_heads:2
embedding_dim:32
intermediate_dim:64
training_seq_len:14
lr:0.00027586588707427485
batch_size:64
hidden_dropout_prob:0.299778012346364
epochs:45